48
12
333333333333333333333333333333333333333333333333
300000033000000330000003300000033000000330000003
300000033000000330000003300000033000000330000003
300000033000000330000003300000033000000330000003
300000033000000330000003300000033000000330000003
300000033000000330000003300000033000000330000003
300000033200000330000003320000033000000332000003
333033333330333333303333333033333330333333303333
333033333330333333303333333033333330333333303333
000000000000000000000000000000000000000000000000
000000000000000000000000000000000000000000000000
333333333333333333333333333333333333333333333333