48
12
333333336666666666666666666666666666666666666666
300000036666666666666666666666666666666666666666
300000036666666666666666666666666666666666666666
300000036666666666666666666666666666666666666666
300000036666666666666666666666666666666666666666
300000036666666666666666666666666666666666666666
300000036666666666666666666666666666666666666666
333033336666666666666666666666666666666666666666
333033333330333333303333333033333330333333303333
000000000000000000000000000000000000000000000000
000000000000000000000000000000000000000000000000
333333333333333333333333333333333333333333333333