48
12
333333333333333333333333333333333333333333333333
000000000000000000000000000000000000000000000000
000000000000000000000000000000000000000000000000
333033333330333333303333333033333330333333303333
333033333330333366666666666666666666666666666666
300000033200000366666666666666666666666666666666
300000033000000366666666666666666666666666666666
300000033000000366666666666666666666666666666666
300000033000000366666666666666666666666666666666
300000033000000366666666666666666666666666666666
300000033000000366666666666666666666666666666666
333333333333333366666666666666666666666666666666
