48
12
333333333333333333333333333333333333333333333333
000000000000000000000000000000000000000000000000
000000000000000000000000000000000000000000000000
333033333330333333303333333033333330333333303333
333033336666666666666666666666666666666666666666
300000036666666666666666666666666666666666666666
300000036666666666666666666666666666666666666666
300000036666666666666666666666666666666666666666
300000036666666666666666666666666666666666666666
300000036666666666666666666666666666666666666666
300000036666666666666666666666666666666666666666
333333336666666666666666666666666666666666666666
