48
12
333333333333333333333333666666666666666666666666
300000033000000330000003666666666666666666666666
300000033000000330000003666666666666666666666666
300000033000000330000003666666666666666666666666
300000033000000330000003666666666666666666666666
300000033000000330000003666666666666666666666666
300000033200000330000003666666666666666666666666
333033333330333333303333666666666666666666666666
333033333330333333303333333033333330333333303333
000000000000000000000000000000000000000000000000
000000000000000000000000000000000000000000000000
333333333333333333333333333333333333333333333333